%YAML:1.0 # need to specify the file type at the top!

cam:
  enabled: true
  max_n: 2
  use_stereo: true
  stereo_pair: [0, 1]
  do_calib_ext: false
  do_calib_int: false
  do_calib_dt: false
  n_pts: 200
  fast: 15
  grid_x: 20
  grid_y: 20
  min_px_dist: 15
  knn: 0.70
  downsample: false
  histogram_method: "HISTOGRAM" # NONE, HISTOGRAM, CLAHE
  max_slam: 50
  max_msckf: 10
  feat_rep: "GLOBAL_3D"
  init_cov_dt: 1e-4
  init_cov_ex_o: 1e-4
  init_cov_ex_p: 1e-3
  init_cov_in_k: 1e-0
  init_cov_in_c: 1e-0
  init_cov_in_r: 1e-5
  sigma_px: 1
  chi2_mult: 1

  # ==================================================================
  # ==================================================================

# cam0:
#   timeoffset: 0.0
#   T_imu_cam: #rotation from camera to IMU, position of camera in IMU
#     - [ 1.000,  0.000,  0.000, 0.000]
#     - [ 0.000,  1.000,  0.000, 0.000]
#     - [ 0.000,  0.000,  1.000, 0.000]
#     - [ 0.000,  0.000,  0.000, 1.000]
#   distortion_coeffs: [0.019265981371039506, 0.0011428473998276235, -0.0003811659324868097, 6.340084698783884e-05]
#   distortion_model: equidistant
#   intrinsics: [227.4010064226358,227.35879407313246,375.5302935901654,239.4881944649193] #fu, fv, cu, cv
#   resolution: [752, 480]
#   topic: "/uav46/t265/fisheye1/image_raw/compressed"
cam0:
  timeoffset: 0.0
  T_imu_cam: #rotation from camera to IMU R_CtoI, position of camera in IMU p_CinI
    - [-0.99988, 0.00102315, 0.0154821, 0.0106987114995718]
    - [-0.00100478, -0.999999, 0.00119407, 1.07511405076366e-05]
    - [0.0154833, 0.00117837, 0.999879, -0.000165671401191503]
    - [0.0, 0.0, 0.0, 1.0]
  cam_overlaps: [1]
  camera_model: pinhole
  distortion_coeffs: [-0.00413605011999607, 0.0385973118245602, -0.0369558110833168, 0.00608701910823584]
  distortion_model: equidistant
  intrinsics: [284.378601074219,285.364898681641, 423.223510742188, 402.276000976562] #fu, fv, cu, cv
  resolution: [848, 800]
  topic: "/uav46/t265/fisheye1/image_raw"
cam1:
  timeoffset: 0.0
  T_imu_cam: #rotation from camera to IMU R_CtoI, position of camera in IMU p_CinI
    - [-0.999979, -0.0022358, 0.00603111, -0.0537273213267326]
    - [0.00226225, -0.999988, 0.00438268, -0.000109005901322234]
    - [0.00602124, 0.00439623, 0.999972, 0.00031432809191756]
    - [0.0, 0.0, 0.0, 1.0]
  cam_overlaps: [0]
  camera_model: pinhole
  distortion_coeffs: [-0.00312783196568489, 0.0387581698596478, -0.0367337986826897, 0.00606365082785487]
  distortion_model: equidistant
  intrinsics: [285.629211425781, 286.654602050781, 433.148193359375, 403.567413330078] #fu, fv, cu, cv
  resolution: [848, 800]
  topic: "/uav46/t265/fisheye2/image_raw"
